Acc_bias: [0.18495427, -0.01987764, -0.16825173]
Acc_covariance: [0.1, 0.1, 0.1]
Gyr_bias: [-0.01047279, -0.00805266,  0.02703937]
Gyr_covariance: [0.05, 0.05, 0.04]
Mag_matrix: [3.02639307,  0.15376863, -0.02103828, 0.0, 3.08322631,  0.01500507, 0.0, 0.0, 2.43651458]
Mag_bias: [0.01152566, 0.13410045, -0.06763522]
