calibration_time: "4 3 2018"
image_width: 1640
image_height: 922
board_width: 8
board_height: 5
square_size: 2.5000000372529030e-02
flags: 0
camera_matrix:
   rows: 3
   cols: 3
   dt: d
   data: [ 1337.3442041956487, 0.0, 829.6600891797842, 0.,
       1337.5855702824913, 485.17756483016257, 0., 0., 1. ]
distortion_coefficients:
   rows: 5
   cols: 1
   dt: d
   data: [ 0.1954298919955456, -0.16441936311127164,
       -0.004914964353264576, -0.00014855354072454622,
       -1.0316591472028718]
avg_reprojection_error: 0.5306505171091155

