image: Labina2.pgm
resolution: 0.025000
origin: [-8.525, -14.8, 0.000000]
negate: 0
occupied_thresh: 0.65
free_thresh: 0.196

