Accelerometer: [-0.320010, 0.267295, 0.123526]
Gyroscope: [-0.001957, 0.003678, -0.002303]
Matrix_mag: [17580.32936369, 179.33266094, 568.67751642, 0.0, 16012.44714015, -959.46516961, 0.0, 0.0, 16473.30069317]
Matrix_bias: [7.40223802e-07, 9.11489115e-07, -3.82547288e-06]
